7598856	-0,004883
7598956	-0,004883
7599056	-0,004883
7599156	0,000000
7599256	-0,004883
7599356	-0,009766
7599456	-0,009766
7599556	-0,004883
7599656	-0,004883
7599756	-0,004883
7599856	-0,004883
7599956	-0,004883
7600056	-0,004883
7600156	-0,004883
7600256	-0,004883
7600356	-0,004883
7600456	-0,004883
7600556	-0,004883
7600656	-0,004883
7600756	-0,004883
7600856	-0,004883
7600956	-0,004883
7601056	-0,004883
7601156	-0,004883
7601256	-0,004883
7601356	-0,009766
7601456	-0,004883
7601556	-0,004883
7601656	0,000000
7601756	-0,004883
7601856	-0,004883
7601956	0,000000
7602056	-0,004883
7602156	-0,009766
7602256	-0,004883
7602356	-0,004883
7602456	-0,004883
7602556	-0,009766
7602656	-0,004883
7602756	0,000000
7602856	-0,004883
7602956	0,048828
7603056	0,083008
7603156	0,117187
7603256	0,146484
7603356	0,185547
7603456	0,214844
7603556	0,263672
7603656	0,000000
7603756	0,000000
7603856	0,000000
7603956	0,000000
7604056	0,000000
7604156	0,000000
7604256	0,000000
7604356	0,000000
7604456	0,000000
7604556	0,000000
7604656	0,000000
7604756	0,000000
7604856	0,000000
7604956	0,000000
7605056	0,000000
7605156	0,000000
7605256	0,000000
7605356	1,279297
7605456	1,284180
7605556	1,293945
7605656	1,308594
7605756	1,342773
7605856	1,347656
7605956	1,362305
7606056	1,396484
7606156	1,411133
7606256	1,416016
7606356	1,435547
7606456	1,445312
7606556	1,445312
7606656	1,445312
7606756	1,450195
7606856	1,459961
7606956	1,479492
7607056	1,494141
7607156	1,484375
7607256	1,494141
7607356	1,499023
7607456	1,503906
7607556	1,503906
7607656	1,518555
7607756	1,503906
7607856	1,513672
7607956	1,523437
7608056	1,518555
7608156	1,528320
7608256	1,538086
7608356	1,542969
7608456	1,547852
7608556	1,557617
7608656	1,562500
7608756	1,557617
7608856	1,567383
7608956	1,567383
7609056	1,572266
7609156	1,557617
7609256	1,572266
7609356	1,577148
7609456	1,586914
7609556	1,572266
7609656	1,596680
7609756	1,616211
7609856	1,630859
7609956	1,635742
7610056	1,625977
7610156	1,616211
7610256	1,616211
7610356	1,625977
7610456	1,625977
7610556	1,621094
7610656	1,611328
7610756	1,621094
7610856	1,630859
7610956	1,621094
7611056	1,611328
7611156	1,601562
7611256	1,606445
7611356	1,591797
7611456	1,596680
7611556	1,611328
7611656	1,621094
7611756	1,621094
7611856	1,625977
7611956	1,635742
7612056	1,630859
7612156	1,635742
7612256	1,635742
7612356	1,630859
7612456	1,650391
7612556	1,645508
7612656	1,660156
7612756	1,665039
7612856	1,650391
7612956	1,650391
7613056	1,650391
7613156	1,655273
7613256	1,669922
7613356	1,674805
7613456	1,684570
7613556	1,684570
7613656	1,689453
7613756	1,689453
7613856	1,684570
7613956	1,704102
7614056	1,704102
7614156	1,699219
7614256	1,723633
7614356	1,723633
7614456	1,723633
7614556	1,713867
7614656	1,708984
7614756	1,723633
7614856	1,733398
7614956	1,748047
7615056	1,743164
7615156	1,743164
7615256	1,748047
7615356	1,757812
7615456	1,757812
7615556	1,767578
7615656	1,772461
7615756	1,777344
7615856	1,782227
7615956	1,782227
7616056	1,796875
7616156	1,782227
7616256	1,791992
7616356	1,806641
7616456	1,806641
7616556	1,826172
7616656	1,821289
7616756	1,821289
7616856	1,835937
7616956	1,826172
7617056	1,835937
7617156	1,840820
7617256	1,840820
7617356	1,850586
7617456	1,870117
7617556	1,875000
7617656	1,875000
7617756	1,879883
7617856	1,870117
7617956	1,875000
7618056	1,870117
7618156	1,870117
7618256	1,875000
7618356	1,870117
7618456	1,865234
7618556	1,835937
7618656	1,850586
7618756	1,855469
7618856	1,850586
7618956	1,840820
7619056	1,826172
7619156	1,806641
7619256	1,826172
7619356	1,835937
7619456	1,811523
7619556	1,811523
7619656	1,806641
7619756	1,801758
7619856	1,791992
7619956	1,796875
7620056	1,796875
7620156	1,791992
7620256	1,787109
7620356	1,782227
7620456	1,782227
7620556	1,787109
7620656	1,782227
7620756	1,772461
7620856	1,772461
7620956	1,762695
7621056	1,752930
7621156	1,752930
7621256	1,752930
7621356	1,757812
7621456	1,743164
7621556	1,757812
7621656	1,757812
7621756	1,772461
7621856	1,772461
7621956	1,762695
7622056	1,772461
7622156	1,782227
7622256	1,772461
7622356	1,772461
7622456	1,752930
7622556	1,752930
7622656	1,762695
7622756	1,757812
7622856	1,743164
7622956	1,733398
7623056	1,733398
7623156	1,733398
7623256	1,718750
7623356	1,723633
7623456	1,713867
7623556	1,713867
7623656	1,713867
7623756	1,713867
7623856	1,713867
7623956	1,713867
7624056	1,708984
7624156	1,713867
7624256	1,699219
7624356	1,694336
7624456	1,694336
7624556	1,694336
7624656	1,704102
7624756	1,708984
7624856	1,704102
7624956	1,694336
7625056	1,674805
7625156	1,665039
7625256	1,635742
7625356	1,616211
7625456	1,601562
7625556	1,596680
7625656	1,557617
7625756	1,538086
7625856	1,523437
7625956	1,499023
7626056	1,479492
7626156	1,450195
7626256	1,430664
7626356	1,406250
7626456	1,376953
7626556	1,381836
7626656	1,376953
7626756	1,367187
7626856	1,342773
7626956	1,328125
7627056	1,333008
7627156	1,318359
7627256	1,328125
7627356	1,328125
7627456	1,318359
7627556	1,303711
7627656	1,289062
7627756	1,284180
7627856	1,264648
7627956	1,264648
7628056	1,235352
7628156	1,210937
7628256	1,171875
7628356	1,123047
7628456	1,049805
7628556	0,996094
7628656	0,927734
7628756	0,888672
7628856	0,839844
7628956	0,776367
7629056	0,727539
7629156	0,678711
7629256	0,625000
7629356	0,585937
7629456	0,537109
7629556	0,488281
7629656	0,449219
7629756	0,400391
7629856	0,346680
7629956	0,297852
7630056	0,258789
7630156	0,224609
7630256	0,185547
7630356	0,161133
7630456	0,136719
7630556	0,107422
7630656	0,078125
7630756	0,048828
7630856	0,024414
7630956	0,009766
7631056	0,000000
7631156	-0,004883
7631256	-0,004883
7631356	0,000000
7631456	0,000000
7631556	-0,009766
7631656	-0,004883
