3658214657.323323	0.039062
3658214657.419328	0.039062
3658214657.519334	0.034180
3658214657.619340	0.039062
3658214657.719346	0.039062
3658214657.819351	0.039062
3658214657.919357	0.039062
3658214658.019362	0.039062
3658214658.119369	0.039062
3658214658.219374	0.039062
3658214658.319380	0.039062
3658214658.419385	0.039062
3658214658.519391	0.039062
3658214658.619397	0.039062
3658214658.719403	0.039062
3658214658.819408	0.039062
3658214658.919414	0.039062
3658214659.019420	0.039062
3658214659.119426	0.039062
3658214659.219431	0.039062
3658214659.319437	0.039062
3658214659.419443	0.039062
3658214659.519448	0.039062
3658214659.619454	0.039062
3658214659.719460	0.034180
3658214659.819466	0.039062
3658214659.919471	0.039062
3658214660.019477	0.039062
3658214660.119483	0.034180
3658214660.219489	0.039062
3658214660.319494	0.039062
3658214660.419500	0.039062
3658214660.519505	0.039062
3658214660.619512	0.039062
3658214660.719517	0.039062
3658214660.819523	0.034180
3658214660.919528	0.039062
3658214661.019534	0.039062
3658214661.119540	0.039062
3658214661.219546	0.039062
3658214661.319551	0.039062
3658214661.419557	0.039062
3658214661.519563	0.039062
3658214661.619569	0.039062
3658214661.719574	0.039062
3658214661.819580	0.034180
3658214661.919586	0.039062
3658214662.019591	0.039062
3658214662.119597	0.039062
3658214662.219603	0.039062
3658214662.319609	0.039062
3658214662.419614	0.039062
3658214662.519620	0.034180
3658214662.619626	0.034180
3658214662.719632	0.039062
3658214662.819637	0.039062
3658214662.919643	0.039062
3658214663.019649	0.039062
3658214663.119654	0.039062
3658214663.219660	0.039062
3658214663.319666	0.039062
3658214663.419672	0.039062
3658214663.519677	0.039062
3658214663.619683	0.039062
3658214663.719689	0.039062
3658214663.819695	0.034180
3658214663.919700	0.039062
3658214664.019706	0.039062
3658214664.119711	0.039062
3658214664.219717	0.039062
3658214664.319723	0.039062
3658214664.419729	0.039062
3658214664.519734	0.039062
3658214664.619740	0.039062
3658214664.719746	0.039062
3658214664.819752	0.039062
3658214664.919757	0.039062
3658214665.019763	0.039062
3658214665.119769	0.039062
3658214665.219775	0.039062
3658214665.319780	0.039062
3658214665.419786	0.039062
3658214665.519792	0.039062
3658214665.619797	0.039062
3658214665.719803	0.039062
3658214665.819809	0.039062
3658214665.919815	0.034180
3658214666.019820	0.039062
3658214666.119826	0.039062
3658214666.219831	0.039062
3658214666.319838	0.039062
3658214666.419843	0.039062
3658214666.519849	0.039062
3658214666.619854	0.039062
3658214666.719860	0.039062
3658214666.819866	0.039062
3658214666.919872	0.039062
3658214667.019877	0.039062
3658214667.119883	0.092773
3658214667.219889	0.156250
3658214667.319895	0.263672
3658214667.419900	0.351562
3658214667.519906	0.449219
3658214667.619912	0.522461
3658214667.719917	0.576172
3658214667.819923	0.625000
3658214667.919929	0.644531
3658214668.019935	0.654297
3658214668.119940	0.678711
3658214668.219946	0.668945
3658214668.319952	0.654297
3658214668.419958	0.605469
3658214668.519963	0.585937
3658214668.619969	0.546875
3658214668.719975	0.488281
3658214668.819981	0.419922
3658214668.919986	0.307617
3658214669.019992	0.185547
3658214669.119997	0.097656
3658214669.220003	0.166016
3658214669.320009	0.249023
3658214669.420015	0.341797
3658214669.520020	0.429687
3658214669.620026	0.468750
3658214669.720032	0.498047
3658214669.820037	0.532227
3658214669.920043	0.546875
3658214670.020049	0.527344
3658214670.120055	0.473633
3658214670.220060	0.415039
3658214670.320066	0.341797
3658214670.420072	0.278320
3658214670.520078	0.239258
3658214670.620083	0.190430
3658214670.720089	0.136719
3658214670.820095	0.097656
3658214670.920101	0.063477
3658214671.020106	0.048828
3658214671.120112	0.068359
3658214671.220118	0.161133
3658214671.320123	0.312500
3658214671.420129	0.429687
3658214671.520135	0.498047
3658214671.619141	0.522461
3658214671.719146	0.561523
3658214671.819152	0.629883
3658214671.919158	0.693359
3658214672.019164	0.742187
3658214672.119169	0.742187
3658214672.219175	0.722656
3658214672.319180	0.654297
3658214672.419186	0.581055
3658214672.519192	0.483398
3658214672.619198	0.322266
3658214672.719203	0.185547
3658214672.819209	0.136719
3658214672.919215	0.087891
3658214673.019221	0.058594
3658214673.119226	0.151367
3658214673.219232	0.307617
3658214673.319238	0.371094
3658214673.419243	0.429687
3658214673.519249	0.429687
3658214673.619255	0.439453
3658214673.719261	0.439453
3658214673.819266	0.419922
3658214673.919272	0.419922
3658214674.019278	0.410156
3658214674.119284	0.385742
3658214674.219289	0.302734
3658214674.319295	0.234375
3658214674.419301	0.156250
3658214674.519306	0.117187
3658214674.619312	0.068359
3658214674.719318	0.087891
3658214674.819324	0.058594
3658214674.919329	0.043945
3658214675.019335	0.117187
3658214675.119341	0.180664
3658214675.219347	0.258789
3658214675.319352	0.253906
3658214675.419358	0.117187
3658214675.519363	0.166016
3658214675.619370	0.288086
3658214675.719375	0.327148
3658214675.819381	0.351562
3658214675.919386	0.390625
3658214676.019392	0.444336
3658214676.119398	0.488281
3658214676.219404	0.502930
3658214676.319409	0.502930
3658214676.419415	0.468750
3658214676.519421	0.458984
3658214676.619427	0.468750
3658214676.719432	0.512695
3658214676.819438	0.546875
3658214676.919444	0.590820
3658214677.019449	0.634766
3658214677.119455	0.664062
3658214677.219461	0.708008
3658214677.319467	0.703125
3658214677.419472	0.585937
3658214677.519478	0.566406
3658214677.619483	0.571289
3658214677.719490	0.546875
3658214677.819495	0.493164
3658214677.919501	0.468750
3658214678.019506	0.429687
3658214678.119512	0.371094
3658214678.219518	0.312500
3658214678.319524	0.214844
3658214678.419529	0.131836
3658214678.519535	0.087891
3658214678.619541	0.058594
3658214678.719547	0.136719
3658214678.819552	0.190430
3658214678.919558	0.234375
3658214679.019564	0.292969
3658214679.119569	0.312500
3658214679.219575	0.317383
3658214679.319581	0.341797
3658214679.419587	0.336914
3658214679.519592	0.312500
3658214679.619598	0.297852
3658214679.719604	0.253906
3658214679.819610	0.205078
3658214679.919615	0.146484
3658214680.019621	0.117187
3658214680.119627	0.102539
3658214680.219633	0.136719
3658214680.319638	0.185547
3658214680.419644	0.224609
3658214680.519650	0.263672
3658214680.619655	0.297852
3658214680.719661	0.292969
3658214680.819667	0.292969
3658214680.919672	0.327148
3658214681.019678	0.371094
3658214681.119684	0.400391
3658214681.219689	0.380859
3658214681.319695	0.468750
3658214681.419701	0.551758
3658214681.519707	0.585937
3658214681.619712	0.600586
3658214681.719718	0.566406
3658214681.819724	0.571289
3658214681.919730	0.527344
3658214682.019735	0.502930
3658214682.119741	0.429687
3658214682.219747	0.371094
3658214682.319753	0.322266
3658214682.419758	0.263672
3658214682.519764	0.253906
3658214682.619770	0.190430
3658214682.719775	0.122070
3658214682.819781	0.073242
3658214682.919787	0.053711
3658214683.019793	0.112305
3658214683.119798	0.146484
3658214683.219804	0.151367
3658214683.319810	0.146484
3658214683.419816	0.092773
3658214683.519821	0.058594
3658214683.619827	0.043945
3658214683.719832	0.039062
3658214683.819839	0.039062
3658214683.919844	0.039062
3658214684.019850	0.039062
3658214684.119855	0.039062
3658214684.219861	0.039062
3658214684.319867	0.039062
3658214684.419873	0.039062
3658214684.519878	0.039062
3658214684.619884	0.039062
3658214684.719890	0.039062
3658214684.819896	0.034180
3658214684.919901	0.034180
3658214685.019907	0.039062
3658214685.119913	0.039062
3658214685.219918	0.039062
3658214685.319924	0.039062
3658214685.419930	0.039062
3658214685.519936	0.039062
3658214685.619941	0.039062
3658214685.719947	0.039062
3658214685.819953	0.039062
3658214685.919959	0.039062
3658214686.019964	0.039062
3658214686.119970	0.039062
3658214686.219975	0.039062
3658214686.319982	0.039062
3658214686.419987	0.039062
3658214686.519993	0.039062
3658214686.619998	0.039062
3658214686.720004	0.039062
3658214686.820010	0.039062
3658214686.920016	0.039062
3658214687.020021	0.039062
3658214687.120027	0.039062
3658214687.220033	0.039062
3658214687.320039	0.039062
3658214687.420044	0.039062
3658214687.520050	0.039062
3658214687.620056	0.039062
3658214687.720061	0.039062
3658214687.820067	0.039062
3658214687.920073	0.039062
3658214688.020079	0.039062
3658214688.120084	0.039062
3658214688.220090	0.039062
3658214688.320096	0.039062
3658214688.420102	0.039062
3658214688.520107	0.039062
3658214688.620113	0.039062
3658214688.720119	0.039062
3658214688.820125	0.039062
3658214688.920130	0.039062
3658214689.020136	0.039062
3658214689.119142	0.039062
3658214689.219147	0.039062
3658214689.319153	0.039062
3658214689.419158	0.039062
3658214689.519164	0.039062
3658214689.619170	0.039062
3658214689.719176	0.039062
3658214737.979936	0.039062
3658214738.019938	0.039062
3658214738.119944	0.039062
3658214738.219950	0.039062
3658214738.319956	0.039062
3658214738.419961	0.039062
3658214738.519967	0.039062
3658214738.619973	0.039062
3658214738.719978	0.039062
3658214738.819984	0.039062
3658214738.919990	0.039062
3658214739.019996	0.034180
3658214739.120001	0.039062
3658214739.220007	0.039062
3658214739.320013	0.034180
3658214739.420019	0.039062
3658214739.520024	0.039062
3658214739.620030	0.034180
3658214739.720036	0.039062
3658214739.820041	0.039062
3658214739.920047	0.034180
3658214740.020053	0.039062
3658214740.120059	0.039062
3658214740.220064	0.039062
3658214740.320070	0.039062
3658214740.420076	0.039062
3658214740.520082	0.039062
3658214740.620087	0.039062
3658214740.720093	0.039062
3658214740.820098	0.039062
3658214740.920105	0.039062
3658214741.020110	0.039062
3658214741.120116	0.039062
3658214741.220121	0.039062
3658214741.320127	0.039062
3658214741.420133	0.039062
3658214741.520139	0.039062
3658214741.619144	0.039062
3658214741.719150	0.039062
3658214741.819156	0.039062
3658214741.919161	0.039062
3658214742.019167	0.039062
3658214742.119173	0.039062
3658214742.219179	0.039062
3658214742.319184	0.039062
3658214742.419190	0.039062
3658214742.519196	0.034180
3658214742.619202	0.039062
3658214742.719207	0.039062
3658214742.819213	0.039062
3658214742.919219	0.039062
3658214743.019224	0.034180
3658214743.119230	0.039062
3658214743.219236	0.039062
3658214743.319242	0.039062
3658214743.419247	0.039062
3658214743.519253	0.039062
3658214743.619259	0.039062
3658214743.719265	0.039062
3658214743.819270	0.039062
3658214743.919276	0.039062
3658214744.019281	0.039062
3658214744.119287	0.039062
3658214744.219293	0.034180
3658214744.319299	0.039062
3658214744.419304	0.039062
3658214744.519310	0.039062
3658214744.619316	0.039062
3658214744.719322	0.034180
3658214744.819327	0.039062
3658214744.919333	0.039062
3658214745.019339	0.039062
3658214745.119345	0.039062
3658214745.219350	0.039062
3658214745.319356	0.034180
3658214745.419362	0.039062
3658214745.519367	0.039062
3658214745.619373	0.039062
3658214745.719379	0.039062
3658214745.819385	0.039062
3658214745.919390	0.039062
3658214746.019396	0.039062
3658214746.119402	0.039062
3658214746.219408	0.039062
3658214746.319413	0.102539
3658214746.419419	0.185547
3658214746.519424	0.092773
3658214746.619430	0.058594
3658214746.719436	0.043945
3658214746.819442	0.039062
3658214746.919447	0.039062
3658214747.019453	0.039062
3658214747.119459	0.039062
3658214747.219465	0.039062
3658214747.319470	0.039062
3658214747.419476	0.034180
3658214747.519482	0.039062
3658214747.619487	0.039062
3658214747.719493	0.039062
3658214747.819499	0.039062
3658214747.919505	0.039062
3658214748.019510	0.034180
3658214748.119516	0.039062
3658214748.219522	0.039062
3658214748.319528	0.039062
3658214748.419533	0.039062
3658214748.519539	0.039062
3658214748.619545	0.039062
3658214748.719551	0.039062
3658214748.819556	0.039062
3658214748.919562	0.039062
3658214749.019567	0.034180
3658214749.119573	0.039062
3658214749.219579	0.039062
3658214749.319585	0.039062
3658214749.419590	0.039062
3658214749.519596	0.039062
3658214749.619602	0.039062
3658214749.719608	0.039062
3658214749.819613	0.039062
3658214749.919619	0.039062
3658214750.019625	0.039062
3658214750.119630	0.039062
3658214750.219636	0.039062
3658214750.319642	0.039062
3658214750.419648	0.039062
3658214750.519653	0.039062
3658214750.619659	0.039062
3658214750.719665	0.039062
3658214750.819671	0.039062
3658214750.919676	0.039062
3658214751.019682	0.039062
3658214751.119688	0.039062
3658214751.219693	0.039062
3658214751.319699	0.039062
3658214751.419705	0.039062
3658214751.519711	0.039062
3658214751.619716	0.039062
3658214751.719722	0.039062
3658214751.819728	0.034180
3658214751.919734	0.039062
3658214752.019739	0.039062
3658214752.119745	0.039062
3658214752.219750	0.039062
3658214752.319757	0.039062
3658214752.419762	0.039062
3658214752.519768	0.039062
3658214752.619773	0.039062
3658214752.719779	0.039062
3658214752.819785	0.039062
3658214752.919791	0.039062
3658214753.019796	0.039062
3658214753.119802	0.039062
3658214753.219808	0.039062
3658214753.319814	0.039062
3658214753.419819	0.039062
3658214753.519825	0.039062
3658214753.619831	0.039062
3658214753.719836	0.039062
3658214753.819842	0.039062
3658214753.919848	0.039062
3658214754.019854	0.039062
3658214754.119859	0.039062
3658214754.219865	0.039062
3658214754.319870	0.039062
3658214754.419877	0.039062
3658214754.519882	0.039062
3658214754.619888	0.039062
3658214754.719893	0.039062
3658214754.819899	0.039062
3658214754.919905	0.039062
3658214755.019911	0.039062
3658214755.119916	0.039062
3658214755.219922	0.039062
3658214755.319928	0.034180
3658214755.419934	0.039062
3658214755.519939	0.039062
3658214755.619945	0.039062
3658214755.719951	0.039062
3658214755.819956	0.039062
3658214755.919962	0.039062
3658214756.019968	0.034180
3658214756.119974	0.039062
3658214756.219979	0.039062
3658214756.319985	0.039062
3658214756.419991	0.039062
3658214756.519997	0.039062
3658214756.620002	0.039062
3658214756.720008	0.039062
3658214756.820014	0.039062
3658214756.920020	0.039062
3658214757.020025	0.039062
3658214757.120031	0.039062
3658214757.220037	0.039062
3658214757.320042	0.039062
3658214757.420048	0.039062
3658214757.520054	0.039062
3658214757.620059	0.039062
3658214757.720065	0.039062
3658214757.820071	0.039062
3658214757.920076	0.039062
3658214758.020082	0.039062
3658214758.120088	0.039062
3658214758.220094	0.039062
3658214758.320099	0.039062
3658214758.420105	0.039062
3658214758.520111	0.039062
3658214758.620117	0.039062
3658214758.720122	0.039062
3658214758.820128	0.039062
3658214758.920134	0.039062
3658214759.019139	0.034180
3658214759.119145	0.039062
3658214759.219151	0.039062
3658214759.319157	0.039062
3658214759.419162	0.039062
3658214759.519168	0.039062
3658214759.619174	0.039062
3658214759.719180	0.039062
3658214759.819185	0.039062
3658214759.919191	0.039062
3658214760.019197	0.039062
3658214760.119203	0.039062
3658214760.219208	0.039062
3658214760.319214	0.039062
3658214760.419219	0.039062
3658214760.519225	0.039062
3658214760.619231	0.039062
3658214760.719237	0.039062
3658214760.819242	0.039062
3658214760.919248	0.039062
3658214761.019254	0.039062
3658214761.119260	0.039062
3658214761.219265	0.039062
3658214761.319271	0.039062
3658214761.419277	0.039062
3658214761.519282	0.039062
3658214761.619288	0.039062
3658214761.719294	0.034180
3658214761.819300	0.039062
3658214761.919305	0.039062
3658214762.019311	0.039062
3658214762.119317	0.039062
3658214762.219323	0.039062
3658214762.319328	0.034180
3658214762.419334	0.039062
3658214762.519340	0.039062
3658214762.619345	0.039062
3658214762.719351	0.039062
3658214762.819357	0.039062
3658214762.919363	0.039062
3658214763.019368	0.039062
3658214763.119374	0.039062
3658214763.219380	0.039062
3658214819.108576	0.039062
3658214819.143579	0.039062
3658214819.219583	0.039062
3658214819.319589	0.039062
3658214819.419594	0.039062
3658214819.519600	0.039062
3658214819.619606	0.039062
3658214819.719611	0.039062
3658214819.819617	0.039062
3658214819.919623	0.039062
3658214820.019629	0.039062
3658214820.119634	0.039062
3658214820.219640	0.039062
3658214820.319646	0.039062
3658214820.419652	0.039062
3658214820.519657	0.039062
3658214820.619663	0.039062
3658214820.719668	0.039062
3658214820.819674	0.039062
3658214820.919680	0.039062
3658214821.019686	0.039062
3658214821.119691	0.039062
3658214821.219697	0.039062
3658214821.319703	0.039062
3658214821.419709	0.039062
3658214821.519714	0.039062
3658214821.619720	0.039062
3658214821.719726	0.039062
3658214821.819732	0.039062
3658214821.919737	0.039062
3658214822.019743	0.039062
3658214822.119749	0.039062
3658214822.219754	0.039062
3658214822.319760	0.039062
3658214822.419766	0.039062
3658214822.519772	0.039062
3658214822.619777	0.039062
3658214822.719783	0.039062
3658214822.819789	0.039062
3658214822.919795	0.039062
3658214823.019800	0.039062
3658214823.119806	0.039062
3658214823.219811	0.039062
3658214823.319817	0.039062
3658214823.419823	0.039062
3658214823.519829	0.034180
3658214823.619834	0.039062
3658214823.719840	0.039062
3658214823.819846	0.039062
3658214823.919852	0.039062
3658214824.019857	0.039062
3658214824.119863	0.039062
3658214824.219869	0.039062
3658214824.319874	0.039062
3658214824.419880	0.034180
3658214824.519886	0.039062
3658214824.619892	0.039062
3658214824.719897	0.039062
3658214824.819903	0.039062
3658214824.919909	0.039062
3658214825.019915	0.039062
3658214825.119920	0.039062
3658214825.219926	0.039062
3658214825.319932	0.039062
3658214825.419938	0.039062
3658214825.519943	0.039062
3658214825.619949	0.039062
3658214825.719954	0.039062
3658214825.819960	0.039062
3658214825.919966	0.039062
3658214826.019972	0.039062
3658214826.119977	0.039062
3658214826.219983	0.039062
3658214826.319989	0.034180
3658214826.419995	0.039062
3658214826.520000	0.039062
3658214826.620006	0.039062
3658214826.720012	0.039062
3658214826.820017	0.039062
3658214826.920023	0.039062
3658214827.020029	0.039062
3658214827.120035	0.039062
3658214827.220040	0.034180
3658214827.320046	0.039062
3658214827.420052	0.039062
3658214827.520058	0.039062
3658214827.620063	0.039062
3658214827.720069	0.034180
3658214827.820075	0.039062
3658214827.920080	0.039062
3658214828.020086	0.039062
3658214828.120092	0.039062
3658214828.220098	0.039062
3658214828.320103	0.039062
3658214828.420109	0.039062
3658214828.520115	0.039062
3658214828.620121	0.039062
3658214828.720126	0.039062
3658214828.820132	0.039062
3658214828.920137	0.039062
3658214829.019143	0.039062
3658214829.119149	0.039062
3658214829.219155	0.039062
3658214829.319160	0.039062
3658214829.419166	0.039062
3658214829.519172	0.039062
3658214829.619178	0.039062
3658214829.719183	0.039062
3658214829.819189	0.039062
3658214829.919195	0.039062
3658214830.019200	0.039062
3658214830.119206	0.039062
3658214830.219212	0.039062
3658214830.319218	0.039062
3658214830.419223	0.034180
3658214830.519229	0.039062
3658214830.619235	0.039062
3658214830.719241	0.039062
3658214830.819246	0.039062
3658214830.919252	0.039062
3658214831.019258	0.039062
3658214831.119263	0.039062
3658214831.219269	0.034180
3658214831.319275	0.034180
3658214831.419281	0.039062
3658214831.519286	0.039062
3658214831.619292	0.039062
3658214831.719298	0.039062
3658214831.819304	0.039062
3658214831.919309	0.039062
3658214832.019315	0.039062
3658214832.119320	0.039062
3658214832.219326	0.034180
3658214832.319332	0.039062
3658214832.419338	0.039062
3658214832.519343	0.039062
3658214832.619349	0.039062
3658214832.719355	0.039062
3658214832.819361	0.039062
3658214832.919366	0.039062
3658214833.019372	0.039062
3658214833.119378	0.039062
3658214833.219384	0.039062
3658214833.319389	0.039062
3658214833.419395	0.039062
3658214833.519401	0.039062
3658214833.619406	0.039062
3658214833.719412	0.039062
3658214833.819418	0.039062
3658214833.919424	0.039062
3658214834.019429	0.039062
3658214834.119435	0.039062
3658214834.219441	0.034180
3658214834.319447	0.039062
3658214834.419452	0.039062
3658214834.519458	0.039062
3658214834.619463	0.039062
3658214834.719469	0.039062
3658214834.819475	0.039062
3658214834.919481	0.039062
3658214835.019486	0.039062
3658214835.119492	0.034180
3658214835.219498	0.039062
3658214835.319504	0.039062
3658214835.419509	0.039062
3658214835.519515	0.039062
3658214835.619521	0.039062
3658214835.719526	0.039062
3658214835.819532	0.039062
3658214835.919538	0.039062
3658214836.019544	0.039062
3658214836.119549	0.039062
3658214836.219555	0.039062
3658214836.319561	0.039062
3658214836.419567	0.039062
3658214836.519572	0.039062
3658214836.619578	0.034180
3658214836.719584	0.039062
3658214836.819590	0.034180
3658214836.919595	0.039062
3658214837.019601	0.039062
3658214837.119606	0.039062
3658214837.219612	0.039062
3658214837.319618	0.034180
3658214837.419624	0.039062
3658214837.519629	0.039062
3658214837.619635	0.039062
3658214837.719641	0.039062
3658214837.819647	0.039062
3658214837.919652	0.039062
3658214838.019658	0.034180
3658214838.119664	0.039062
3658214838.219669	0.039062
3658214838.319675	0.039062
3658214838.419681	0.039062
3658214838.519687	0.039062
3658214838.619692	0.039062
3658214838.719698	0.039062
3658214838.819704	0.039062
3658214838.919710	0.039062
3658214839.019715	0.039062
3658214839.119721	0.039062
3658214839.219727	0.039062
3658214839.319732	0.039062
3658214839.419738	0.039062
3658214839.519744	0.039062
3658214839.619750	0.273437
3658214839.719755	0.410156
3658214839.819761	0.341797
3658214839.919767	0.209961
3658214840.019773	0.166016
3658214840.119778	0.190430
3658214840.219784	0.175781
3658214840.319789	0.122070
3658214840.419796	0.078125
3658214840.519801	0.185547
3658214840.619807	0.380859
3658214840.719812	0.507812
3658214840.819818	0.600586
3658214840.919824	0.634766
3658214841.019830	0.615234
3658214841.119835	0.522461
3658214841.219841	0.390625
3658214841.319847	0.229492
3658214841.419853	0.170898
3658214841.519858	0.214844
3658214841.619864	0.312500
3658214841.719870	0.380859
3658214841.819875	0.419922
3658214841.919881	0.444336
3658214842.019887	0.468750
3658214842.119893	0.244141
3658214842.219898	0.156250
3658214842.319904	0.234375
3658214842.419910	0.195312
3658214842.519916	0.131836
3658214842.619921	0.078125
3658214842.719927	0.053711
3658214842.819932	0.043945
3658214842.919939	0.039062
3658214843.019944	0.039062
3658214843.119950	0.039062
3658214843.219955	0.039062
3658214843.319961	0.058594
3658214843.419967	0.083008
3658214843.519973	0.068359
3658214843.619978	0.048828
3658214843.719984	0.039062
3658214843.819990	0.039062
3658214843.919996	0.039062
3658214844.020001	0.039062
3658214844.120007	0.039062
3658214844.220013	0.039062
3658214844.320018	0.039062
3658214844.420024	0.039062
3658214844.520030	0.039062
3658214844.620036	0.039062
3658214844.720041	0.039062
3658214844.820047	0.039062
3658214844.920053	0.034180
3658214845.020059	0.039062
3658214845.120064	0.039062
3658214845.220070	0.039062
3658214845.320076	0.039062
3658214845.420082	0.039062
3658214845.520087	0.039062
3658214845.620093	0.039062
3658214845.720098	0.039062
3658214845.820104	0.039062
3658214845.920110	0.039062
3658214846.020116	0.039062
3658214846.120121	0.039062
3658214846.220127	0.034180
3658214846.320133	0.039062
3658214846.420139	0.039062
3658214846.519144	0.039062
3658214846.619150	0.039062
3658214846.719156	0.039062
3658214846.819161	0.039062
3658214846.919167	0.039062
3658214847.019173	0.039062
3658214847.119178	0.039062
3658214847.219184	0.039062
3658214847.319190	0.039062
3658214847.419196	0.034180
3658214847.519201	0.039062
3658214847.619207	0.039062
3658214847.719213	0.034180
3658214847.819219	0.039062
3658214847.919224	0.063477
3658214848.019230	0.161133
3658214848.119236	0.234375
3658214848.219242	0.351562
3658214848.319247	0.292969
3658214848.419253	0.126953
3658214848.519258	0.156250
3658214848.619264	0.283203
3658214848.719270	0.136719
3658214848.819276	0.078125
3658214848.919281	0.053711
3658214849.019287	0.039062
3658214849.119293	0.039062
3658214849.219299	0.039062
3658214849.319304	0.034180
3658214849.419310	0.239258
3658214849.519316	0.283203
3658214849.619321	0.166016
3658214849.719327	0.136719
3658214849.819333	0.073242
3658214849.919339	0.053711
3658214850.019344	0.039062
3658214850.119350	0.039062
3658214850.219356	0.039062
3658214850.319362	0.053711
3658214850.419367	0.156250
3658214850.519373	0.136719
3658214850.619379	0.278320
3658214850.719385	0.439453
3658214850.819390	0.585937
3658214850.919396	0.708008
3658214851.019402	0.781250
3658214851.119407	0.600586
3658214851.219413	0.478516
3658214851.319419	0.292969
3658214851.419425	0.141602
3658214851.519430	0.078125
3658214851.619436	0.053711
3658214851.719442	0.039062
3658214851.819448	0.039062
3658214851.919453	0.224609
3658214852.019459	0.351562
3658214852.119464	0.258789
3658214852.219470	0.136719
3658214852.319476	0.083008
3658214852.419482	0.361328
3658214852.519487	0.644531
3658214852.619493	0.791016
3658214852.719499	0.625000
3658214852.819505	0.468750
3658214852.919510	0.322266
3658214853.019516	0.263672
3658214853.119522	0.234375
3658214853.219528	0.493164
3658214853.319533	0.610352
3658214853.419539	0.527344
3658214853.519545	0.380859
3658214853.619550	0.239258
3658214853.719556	0.146484
3658214853.819562	0.078125
3658214853.919568	0.053711
3658214854.019573	0.043945
3658214854.119579	0.039062
3658214854.219584	0.039062
3658214854.319591	0.039062
3658214854.419596	0.039062
3658214854.519602	0.039062
3658214854.619607	0.039062
3658214854.719613	0.039062
3658214854.819619	0.039062
3658214854.919625	0.039062
3658214855.019630	0.039062
3658214855.119636	0.039062
3658214855.219642	0.039062
3658214855.319648	0.039062
3658214855.419653	0.039062
3658214855.519659	0.039062
3658214855.619665	0.039062
3658214855.719670	0.039062
3658214881.146125	0.039062
3658214881.220129	0.039062
3658214881.320135	0.039062
3658214881.419140	0.039062
3658214881.519146	0.039062
3658214881.619152	0.039062
3658214881.719158	0.039062
3658214881.819163	0.039062
3658214881.919169	0.039062
3658214882.019175	0.039062
3658214882.119180	0.039062
3658214882.219186	0.039062
3658214882.319192	0.039062
3658214882.419198	0.039062
3658214882.519203	0.039062
3658214882.619209	0.039062
3658214882.719215	0.039062
3658214882.819221	0.039062
3658214882.919226	0.039062
3658214883.019232	0.039062
3658214883.119237	0.034180
3658214883.219244	0.039062
3658214883.319249	0.039062
3658214883.419255	0.039062
3658214883.519260	0.039062
3658214883.619266	0.039062
3658214883.719272	0.039062
3658214883.819278	0.039062
3658214883.919283	0.039062
3658214884.019289	0.039062
3658214884.119295	0.039062
3658214884.219300	0.039062
3658214884.319306	0.039062
3658214884.419312	0.039062
3658214884.519318	0.039062
3658214884.619323	0.039062
3658214884.719329	0.039062
3658214884.819335	0.039062
3658214884.919341	0.039062
3658214885.019346	0.039062
3658214885.119352	0.039062
3658214885.219357	0.039062
3658214885.319364	0.039062
3658214885.419369	0.039062
3658214885.519375	0.039062
3658214885.619380	0.039062
3658214885.719386	0.039062
3658214885.819392	0.039062
3658214885.919398	0.039062
3658214886.019403	0.039062
3658214886.119409	0.039062
3658214886.219415	0.039062
3658214886.319421	0.039062
3658214886.419426	0.039062
3658214886.519432	0.039062
3658214886.619438	0.039062
3658214886.719443	0.039062
3658214886.819449	0.039062
3658214886.919455	0.039062
3658214887.019461	0.034180
3658214887.119466	0.039062
3658214887.219472	0.039062
3658214887.319478	0.039062
3658214887.419484	0.039062
3658214887.519489	0.039062
3658214887.619495	0.039062
3658214887.719501	0.039062
3658214887.819507	0.039062
3658214887.919512	0.039062
3658214888.019518	0.034180
3658214888.119524	0.039062
3658214888.219529	0.039062
3658214888.319535	0.039062
3658214888.419541	0.039062
3658214888.519547	0.039062
3658214888.619552	0.039062
3658214888.719558	0.039062
3658214888.819564	0.039062
3658214888.919569	0.039062
3658214889.019575	0.039062
3658214889.119581	0.039062
3658214889.219586	0.039062
3658214889.319592	0.039062
3658214889.419598	0.039062
3658214889.519604	0.039062
3658214889.619609	0.039062
3658214889.719615	0.039062
3658214889.819621	0.039062
3658214889.919627	0.039062
3658214890.019632	0.039062
3658214890.119638	0.034180
3658214890.219644	0.039062
3658214890.319650	0.039062
3658214890.419655	0.039062
3658214890.519661	0.039062
3658214890.619667	0.039062
3658214890.719672	0.039062
3658214890.819678	0.039062
3658214890.919684	0.039062
3658214891.019690	0.039062
3658214891.119695	0.039062
3658214891.219701	0.034180
3658214891.319707	0.039062
3658214891.419713	0.039062
3658214891.519718	0.039062
3658214891.619724	0.039062
3658214891.719729	0.039062
3658214891.819736	0.039062
3658214891.919741	0.039062
3658214892.019747	0.039062
3658214892.119752	0.039062
3658214892.219758	0.039062
3658214892.319764	0.039062
3658214892.419770	0.039062
3658214892.519775	0.039062
3658214892.619781	0.039062
3658214892.719787	0.039062
3658214892.819792	0.039062
3658214892.919798	0.039062
3658214893.019804	0.039062
3658214893.119810	0.034180
3658214893.219815	0.039062
3658214893.319821	0.039062
3658214893.419827	0.039062
3658214893.519833	0.039062
3658214893.619838	0.039062
3658214893.719844	0.039062
3658214893.819849	0.039062
3658214893.919856	0.039062
3658214894.019861	0.039062
3658214894.119867	0.039062
3658214894.219872	0.039062
3658214894.319878	0.039062
3658214894.419884	0.039062
3658214894.519890	0.034180
3658214894.619895	0.039062
3658214894.719901	0.039062
3658214894.819907	0.039062
3658214894.919913	0.039062
3658214895.019918	0.039062
3658214895.119924	0.039062
3658214895.219930	0.039062
3658214895.319935	0.039062
3658214895.419941	0.039062
3658214895.519947	0.039062
3658214895.619953	0.039062
3658214895.719958	0.034180
3658214895.819964	0.039062
3658214895.919970	0.039062
3658214896.019976	0.039062
3658214896.119981	0.039062
3658214896.219987	0.039062
3658214896.319993	0.039062
3658214896.419998	0.039062
3658214896.520004	0.039062
3658214896.620010	0.039062
3658214896.720016	0.039062
3658214896.820021	0.039062
3658214896.920027	0.039062
3658214897.020033	0.039062
3658214897.120039	0.039062
3658214897.220044	0.039062
3658214897.320050	0.039062
3658214897.420055	0.039062
3658214897.520061	0.039062
3658214897.620067	0.039062
3658214897.720073	0.039062
3658214897.820078	0.039062
3658214897.920084	0.039062
3658214898.020090	0.039062
3658214898.120096	0.039062
3658214898.220101	0.039062
3658214898.320107	0.039062
3658214898.420113	0.039062
3658214898.520119	0.039062
3658214898.620124	0.039062
3658214898.720130	0.039062
3658214898.820136	0.039062
3658214898.919141	0.039062
3658214899.019147	0.039062
3658214899.119153	0.039062
3658214899.219159	0.039062
3658214899.319164	0.039062
3658214899.419170	0.039062
3658214899.519176	0.039062
3658214899.619182	0.039062
3658214899.719187	0.039062
3658214899.819193	0.039062
3658214899.919199	0.039062
3658214900.019204	0.039062
3658214900.119210	0.039062
3658214900.219216	0.039062
3658214900.319221	0.039062
3658214900.419227	0.039062
3658214900.519233	0.039062
3658214900.619238	0.039062
3658214900.719244	0.039062
3658214900.819250	0.034180
3658214900.919256	0.039062
3658214901.019261	0.039062
3658214901.119267	0.039062
3658214901.219273	0.039062
3658214901.319279	0.039062
3658214901.419284	0.039062
3658214901.519290	0.039062
3658214901.619296	0.039062
3658214901.719302	0.039062
3658214901.819307	0.039062
3658214901.919313	0.039062
3658214902.019319	0.039062
3658215336.180151	0.102539
3658215336.219153	0.092773
3658215336.319159	0.083008
3658215336.419165	0.058594
3658215336.519171	0.043945
3658215336.619176	0.039062
3658215336.719182	0.039062
3658215336.819188	0.039062
3658215336.919193	0.039062
3658215337.019199	0.078125
3658215337.119205	0.053711
3658215337.219211	0.039062
3658215337.319216	0.039062
3658215337.419222	0.039062
3658215337.519228	0.039062
3658215337.619234	0.039062
3658215337.719239	0.039062
3658215337.819245	0.039062
3658215337.919250	0.039062
3658215338.019257	0.039062
3658215338.119262	0.039062
3658215338.219268	0.039062
3658215338.319273	0.039062
3658215338.419279	0.039062
3658215338.519285	0.039062
3658215338.619291	0.039062
3658215338.719296	0.039062
3658215338.819302	0.039062
3658215338.919308	0.039062
3658215339.019314	0.039062
3658215339.119319	0.039062
3658215339.219325	0.039062
3658215339.319331	0.039062
3658215339.419336	0.039062
3658215339.519342	0.039062
3658215339.619348	0.039062
3658215339.719354	0.039062
3658215339.819359	0.039062
3658215339.919365	0.039062
3658215340.019371	0.039062
3658215340.119377	0.039062
3658215340.219382	0.039062
3658215340.319388	0.039062
3658215340.419394	0.039062
3658215340.519399	0.039062
3658215340.619405	0.039062
3658215340.719411	0.039062
3658215340.819417	0.034180
3658215340.919422	0.039062
3658215341.019428	0.039062
3658215341.119434	0.039062
3658215341.219440	0.039062
3658215341.319445	0.039062
3658215341.419451	0.039062
3658215341.519456	0.039062
3658215341.619462	0.039062
3658215341.719468	0.039062
3658215341.819474	0.039062
3658215341.919479	0.039062
3658215342.019485	0.039062
3658215342.119491	0.039062
3658215342.219497	0.039062
3658215342.319502	0.039062
3658215342.419508	0.043945
3658215342.519514	0.078125
3658215342.619520	0.073242
3658215342.719525	0.053711
3658215342.819531	0.043945
3658215342.919537	0.039062
3658215343.019542	0.039062
3658215343.119548	0.039062
3658215343.219554	0.229492
3658215343.319560	0.468750
3658215343.419565	0.654297
3658215343.519571	0.742187
3658215343.619577	0.751953
3658215343.719583	0.654297
3658215343.819588	0.454102
3658215343.919594	0.234375
3658215344.019599	0.263672
3658215344.119605	0.507812
3658215344.219611	0.688477
3658215344.319617	0.830078
3658215344.419622	0.864258
3658215344.519628	0.776367
3658215344.619634	0.566406
3658215344.719640	0.312500
3658215344.819645	0.297852
3658215344.919651	0.429687
3658215345.019657	0.571289
3658215345.119662	0.737305
3658215345.219668	0.869141
3658215345.319674	0.922852
3658215345.419680	0.791016
3658215345.519685	0.498047
3658215345.619691	0.327148
3658215345.719697	0.527344
3658215345.819703	0.747070
3658215345.919708	0.917969
3658215346.019714	0.942383
3658215346.119720	0.844727
3658215346.219726	0.649414
3658215346.319731	0.380859
3658215346.419737	0.288086
3658215346.519742	0.405273
3658215346.619748	0.605469
3658215346.719754	0.771484
3658215346.819760	0.859375
3658215346.919765	0.810547
3658215347.019771	0.805664
3658215347.119777	0.634766
3658215347.219783	0.327148
3658215347.319788	0.312500
3658215347.419794	0.473633
3658215347.519800	0.703125
3658215347.619805	0.810547
3658215347.719811	0.844727
3658215347.819817	0.781250
3658215347.919823	0.629883
3658215348.019828	0.351562
3658215348.119834	0.239258
3658215348.219840	0.341797
3658215348.319846	0.507812
3658215348.419851	0.664062
3658215348.519857	0.776367
3658215348.619863	0.761719
3658215348.719869	0.703125
3658215348.819874	0.566406
3658215348.919880	0.332031
3658215349.019886	0.209961
3658215349.119891	0.307617
3658215349.219897	0.581055
3658215349.319903	0.766602
3658215349.419909	0.859375
3658215349.519914	0.781250
3658215349.619920	0.581055
3658215349.719926	0.336914
3658215349.819932	0.146484
3658215349.919937	0.180664
3658215350.019943	0.415039
3658215350.119948	0.727539
3658215350.219954	0.810547
3658215350.319960	0.795898
3658215350.419966	0.649414
3658215350.519971	0.429687
3658215350.619977	0.234375
3658215350.719983	0.302734
3658215350.819989	0.493164
3658215350.919994	0.654297
3658215351.020000	0.454102
3658215351.120006	0.200195
3658215351.220012	0.097656
3658215351.320017	0.175781
3658215351.420023	0.146484
3658215351.520029	0.078125
3658215351.620034	0.058594
3658215351.720040	0.043945
3658215351.820046	0.039062
3658215351.920052	0.039062
3658215352.020057	0.039062
3658215352.120063	0.039062
3658215352.220069	0.039062
3658215352.320075	0.039062
3658215352.420080	0.039062
3658215352.520086	0.039062
3658215352.620091	0.039062
3658215352.720097	0.039062
3658215352.820103	0.039062
3658215352.920109	0.039062
3658215353.020114	0.039062
3658215353.120120	0.039062
3658215353.220126	0.039062
3658215353.320132	0.039062
3658215353.420137	0.039062
3658215353.519143	0.039062
3658215353.619149	0.039062
3658215353.719154	0.039062
3658215353.819160	0.039062
3658215353.919166	0.039062
3658215354.019172	0.039062
3658215354.119177	0.039062
3658215354.219183	0.039062
3658215354.319189	0.039062
3658215354.419194	0.034180
3658215354.519200	0.039062
3658215354.619206	0.039062
3658215354.719212	0.034180
3658215354.819217	0.039062
3658215354.919223	0.039062
3658215355.019229	0.039062
3658215355.119235	0.039062
3658215355.219240	0.039062
3658215355.319246	0.039062
3658215355.419251	0.039062
3658215355.519258	0.039062
3658215355.619263	0.039062
3658215355.719269	0.039062
3658215355.819274	0.039062
3658215355.919280	0.039062
3658215356.019286	0.039062
3658215356.119292	0.039062
3658215356.219297	0.039062
3658215356.319303	0.039062
3658215356.419309	0.039062
3658215356.519315	0.039062
3658215356.619320	0.039062
3658215356.719326	0.039062
3658215356.819332	0.039062
3658215356.919337	0.039062
3658215357.019343	0.039062
3658215357.119349	0.039062
3658215357.219355	0.039062
3658215357.319360	0.039062
3658215357.419366	0.039062
3658215357.519372	0.039062
3658215357.619378	0.039062
3658215357.719383	0.039062
3658215357.819389	0.034180
3658215357.919394	0.039062
3658215358.019401	0.039062
3658215358.119406	0.039062
3658215358.219412	0.039062
3658215358.319417	0.039062
3658215358.419423	0.039062
3658215358.519429	0.039062
3658215358.619435	0.039062
3658215358.719440	0.034180
3658215358.819446	0.039062
3658215358.919452	0.039062
3658215359.019458	0.039062
3658215359.119463	0.039062
3658215359.219469	0.034180
3658215359.319475	0.034180
3658215359.419480	0.039062
3658215359.519486	0.039062
3658215359.619492	0.039062
3658215359.719498	0.039062
3658215359.819503	0.039062
3658215359.919509	0.039062
3658215360.019515	0.039062
3658215360.119521	0.039062
3658215360.219526	0.039062
3658215360.319532	0.039062
3658215360.419538	0.039062
3658215360.519543	0.039062
3658215360.619549	0.039062
3658215360.719555	0.039062
3658215360.819561	0.039062
3658215360.919566	0.039062
3658215361.019572	0.039062
3658215361.119578	0.039062
3658215361.219584	0.039062
3658215361.319589	0.039062
3658215361.419595	0.034180
3658215361.519600	0.039062
3658215361.619606	0.039062
3658215361.719612	0.039062
3658215361.819618	0.034180
3658215361.919623	0.039062
3658215362.019629	0.039062
3658215362.119635	0.034180
3658215362.219641	0.034180
3658215362.319646	0.039062
3658215362.419652	0.039062
3658215362.519658	0.039062
3658215362.619664	0.039062
3658215362.719669	0.039062
3658215362.819675	0.039062
3658215362.919681	0.039062
3658215363.019686	0.039062
3658215363.119692	0.039062
