3658213782.465	0.039
3658213782.519	0.039
3658213782.619	0.039
3658213782.719	0.039
3658213782.819	0.039
3658213782.919	0.034
3658213783.019	0.039
3658213783.119	0.039
3658213783.219	0.039
3658213783.319	0.039
3658213783.419	0.039
3658213783.519	0.039
3658213783.619	0.034
3658213783.719	0.039
3658213783.819	0.039
3658213783.919	0.039
3658213784.019	0.039
3658213784.119	0.039
3658213784.219	0.039
3658213784.319	0.039
3658213784.419	0.039
3658213784.519	0.039
3658213784.619	0.039
3658213784.719	0.039
3658213784.819	0.039
3658213784.919	0.039
3658213785.019	0.039
3658213785.119	0.039
3658213785.219	0.039
3658213785.319	0.039
3658213785.419	0.039
3658213785.519	0.039
3658213785.619	0.039
3658213785.719	0.039
3658213785.819	0.039
3658213785.919	0.039
3658213786.019	0.039
3658213786.119	0.039
3658213786.219	0.039
3658213786.320	0.039
3658213786.420	0.039
3658213786.520	0.039
3658213786.620	0.039
3658213786.720	0.039
3658213786.820	0.039
3658213786.920	0.039
3658213787.020	0.039
3658213787.120	0.039
3658213787.220	0.039
3658213787.320	0.039
3658213787.420	0.039
3658213787.520	0.039
3658213787.620	0.039
3658213787.720	0.039
3658213787.820	0.039
3658213787.920	0.039
3658213788.020	0.039
3658213788.120	0.039
3658213788.220	0.034
3658213904.563	0.059
3658213904.619	0.049
3658213904.719	0.059
3658213904.819	0.068
3658213904.919	0.049
3658213905.019	0.039
3658213905.119	0.039
3658213905.219	0.034
3658213905.319	0.039
3658213905.419	0.039
3658213905.519	0.039
3658213905.619	0.039
3658213905.719	0.039
3658213905.819	0.039
3658213905.919	0.039
3658213906.019	0.039
3658213906.119	0.039
3658213906.219	0.039
3658213906.319	0.039
3658213906.419	0.039
3658213906.519	0.034
3658213906.619	0.039
3658213906.719	0.039
3658213906.819	0.039
3658213906.919	0.039
3658213907.019	0.039
3658213907.119	0.039
3658213907.219	0.039
3658213907.319	0.039
3658213907.419	0.039
3658213907.519	0.039
3658213907.619	0.039
3658213907.719	0.039
3658213907.819	0.039
3658213907.919	0.039
3658213908.019	0.039
3658213908.119	0.039
3658213908.219	0.039
3658213908.319	0.039
3658213908.419	0.039
3658213908.519	0.039
3658213908.619	0.034
3658213908.720	0.039
3658213908.820	0.039
3658213908.920	0.039
3658213909.020	0.039
3658213909.120	0.039
3658213909.220	0.034
3658213909.320	0.039
3658213909.420	0.039
3658213909.520	0.039
3658213909.620	0.039
3658213909.720	0.039
3658213909.820	0.039
3658213909.920	0.039
3658213910.020	0.039
3658213910.120	0.039
3658213910.220	0.039
3658213910.320	0.039
3658213910.420	0.039
3658213910.520	0.039
3658213910.620	0.039
3658213910.720	0.039
3658213910.820	0.039
3658213910.920	0.039
3658213911.020	0.039
3658213911.120	0.039
3658213911.220	0.039
3658213911.320	0.039
3658213911.420	0.039
3658213911.520	0.039
3658213911.620	0.039
3658213911.720	0.039
3658213911.820	0.039
3658213911.920	0.039
3658213912.020	0.039
3658213912.120	0.034
3658213912.220	0.068
3658213912.320	0.088
3658213912.420	0.093
3658213912.520	0.098
3658213912.620	0.107
3658213912.720	0.112
3658213912.820	0.117
3658213912.920	0.112
3658213913.020	0.117
3658213913.120	0.117
3658213913.220	0.117
3658213913.320	0.112
3658213913.420	0.112
3658213913.520	0.107
3658213913.620	0.063
3658213913.720	0.049
3658213913.820	0.039
3658213913.920	0.083
3658213914.020	0.117
3658213914.120	0.117
3658213914.220	0.127
3658213914.320	0.137
3658213914.420	0.137
3658213914.520	0.137
3658213914.620	0.137
3658213914.720	0.137
3658213914.820	0.137
3658213914.920	0.137
3658213915.020	0.137
3658213915.120	0.137
3658213915.220	0.137
3658213915.320	0.127
3658213915.420	0.127
3658213915.520	0.117
3658213915.620	0.103
3658213915.720	0.083
3658213915.820	0.068
3658213915.920	0.049
3658213916.020	0.039
3658213916.120	0.039
3658213916.220	0.039
3658213916.320	0.039
3658213916.420	0.039
3658213916.520	0.039
3658213916.620	0.068
3658213916.720	0.098
3658213916.820	0.103
3658213916.920	0.112
3658213917.020	0.122
3658213917.120	0.137
3658213917.220	0.142
3658213917.320	0.146
3658213917.420	0.146
3658213917.520	0.146
3658213917.620	0.146
3658213917.720	0.137
3658213917.820	0.078
3658213917.920	0.054
3658213918.020	0.044
3658213918.120	0.039
3658213918.220	0.039
3658213918.320	0.039
3658213918.420	0.039
3658213918.520	0.039
3658213918.620	0.039
3658213918.720	0.039
3658213918.820	0.034
3658213918.920	0.039
3658213919.020	0.039
3658213919.120	0.039
3658213919.220	0.034
3658213919.320	0.039
3658213919.420	0.034
3658213919.520	0.039
3658213919.620	0.039
3658213919.720	0.039
3658213919.819	0.039
3658213919.919	0.039
3658213920.019	0.039
3658213920.119	0.039
3658213920.219	0.039
3658213920.319	0.039
3658213920.419	0.039
3658213920.519	0.039
3658213920.619	0.039
3658213920.719	0.039
3658213920.819	0.039
3658213920.919	0.039
3658213921.019	0.039
3658213921.119	0.039
3658213921.219	0.039
3658213921.319	0.039
3658213921.419	0.039
3658213921.519	0.039
3658213921.619	0.039
3658213921.719	0.039
3658213921.819	0.039
3658213921.919	0.039
3658213922.019	0.039
3658213922.119	0.034
3658213922.219	0.039
3658213922.319	0.039
3658213922.419	0.039
3658213922.519	0.034
3658213922.619	0.039
3658213922.719	0.039
3658213922.819	0.039
3658213922.919	0.039
3658213923.019	0.039
3658213923.119	0.039
3658213923.219	0.039
3658213923.319	0.039
3658213923.419	0.039
3658213923.519	0.039
3658213923.619	0.039
3658213923.719	0.039
3658213923.819	0.039
3658213923.919	0.039
3658213924.019	0.039
3658213924.119	0.039
3658213924.219	0.039
3658213924.319	0.039
3658213924.419	0.039
3658213924.519	0.039
3658213924.619	0.034
3658213924.719	0.039
3658213924.819	0.039
3658213924.919	0.039
3658213925.019	0.039
3658213925.119	0.039
3658213925.219	0.039
3658213925.319	0.034
3658213925.419	0.039
3658213925.519	0.039
3658213925.619	0.039
3658213925.719	0.039
3658213925.819	0.039
3658213925.919	0.039
3658213926.019	0.039
3658213926.120	0.039
3658213926.220	0.039
3658213926.320	0.039
3658213926.420	0.039
3658213926.520	0.034
3658213926.620	0.039
3658213926.720	0.039
3658213926.820	0.039
3658213926.920	0.039
3658213927.020	0.039
3658213927.120	0.034
3658213927.220	0.039
3658213927.320	0.039
3658213927.420	0.034
3658213927.520	0.078
3658213927.620	0.098
3658213927.720	0.088
3658213927.820	0.068
3658213927.920	0.049
3658213928.020	0.039
3658213928.120	0.039
3658213928.220	0.039
3658213928.320	0.039
3658213928.420	0.039
3658213928.520	0.039
3658213928.620	0.039
3658213928.720	0.039
3658213928.820	0.039
3658213928.920	0.039
3658213929.020	0.039
3658213929.120	0.039
3658213929.220	0.039
3658213929.320	0.039
3658213929.420	0.039
3658213929.520	0.039
3658213929.620	0.039
3658213929.720	0.039
3658213929.820	0.039
3658213929.920	0.039
3658213930.020	0.039
3658213930.120	0.039
3658213930.220	0.068
3658213930.320	0.107
3658213930.420	0.137
3658213930.520	0.151
3658213930.620	0.156
3658213930.720	0.146
3658213930.820	0.156
3658213930.920	0.117
3658213931.020	0.088
3658213931.120	0.059
3658213931.220	0.044
3658213931.320	0.039
3658213931.420	0.039
3658213931.520	0.039
3658213931.620	0.039
3658213931.720	0.039
3658213931.820	0.039
3658213931.920	0.039
3658213932.020	0.039
3658213932.120	0.039
3658213932.220	0.039
3658213932.320	0.039
3658213932.420	0.039
3658213932.520	0.039
3658213932.620	0.039
3658213932.720	0.039
3658213932.820	0.034
3658213932.920	0.039
3658213933.020	0.039
3658213933.120	0.039
3658213933.220	0.039
3658213933.320	0.039
3658213933.420	0.039
3658213933.520	0.039
3658213933.620	0.039
3658213933.720	0.039
3658213933.820	0.039
3658213933.920	0.039
3658213934.020	0.034
3658213934.120	0.039
3658213934.220	0.039
3658213934.320	0.034
3658213934.420	0.054
3658213934.520	0.132
3658213934.620	0.132
3658213934.720	0.098
3658213934.820	0.068
3658213934.920	0.049
3658213935.020	0.039
3658213935.120	0.039
3658213935.220	0.039
3658213935.320	0.039
3658213935.420	0.039
3658213935.520	0.034
3658213935.620	0.039
3658213935.720	0.039
3658213935.820	0.039
3658213935.920	0.039
3658213936.020	0.039
3658213936.120	0.039
3658213936.220	0.039
3658213936.320	0.039
3658213936.420	0.039
3658213936.520	0.039
3658213936.620	0.039
3658213936.720	0.039
3658213936.820	0.039
3658213936.920	0.039
3658213937.020	0.073
3658213937.120	0.088
3658213937.220	0.088
3658213937.319	0.078
3658213937.419	0.068
3658213937.519	0.063
3658213937.619	0.049
3658213937.719	0.039
3658213937.819	0.039
3658213937.919	0.039
3658213938.019	0.039
3658213938.119	0.039
3658213938.219	0.039
3658213938.319	0.039
3658213938.419	0.039
3658213938.519	0.039
3658213938.619	0.039
3658213938.719	0.039
3658213938.819	0.039
3658213938.919	0.039
3658213939.019	0.039
3658213939.119	0.039
3658213939.219	0.039
3658213939.319	0.039
3658213939.419	0.039
3658213939.519	0.039
3658213939.619	0.044
3658213939.719	0.088
3658213939.819	0.107
3658213939.919	0.122
3658213940.019	0.127
3658213940.119	0.132
3658213940.219	0.137
3658213940.319	0.137
3658213940.419	0.083
3658213940.519	0.054
3658213940.619	0.039
3658213940.719	0.039
3658213940.819	0.044
3658213940.919	0.107
3658213941.019	0.122
3658213941.119	0.161
3658213941.219	0.181
3658213941.319	0.186
3658213941.419	0.146
3658213941.519	0.078
3658213941.619	0.054
3658213941.719	0.039
3658213941.819	0.039
3658213941.919	0.034
3658213942.019	0.039
3658213942.119	0.039
3658213942.219	0.039
3658213942.319	0.039
3658213942.419	0.039
3658213942.519	0.039
3658213942.619	0.039
3658213942.719	0.039
3658213942.819	0.039
3658213942.919	0.039
3658213943.019	0.034
3658213943.119	0.034
3658213943.219	0.039
3658213943.319	0.039
3658213943.419	0.039
3658213943.519	0.039
3658213943.620	0.039
3658213943.720	0.039
3658213943.820	0.049
3658213943.920	0.117
3658213944.020	0.103
3658213944.120	0.059
3658213944.220	0.044
3658213944.320	0.039
3658213944.420	0.039
3658213944.520	0.063
3658213944.620	0.117
3658213944.720	0.132
3658213944.820	0.127
3658213944.920	0.117
3658213945.020	0.103
3658213945.120	0.093
3658213945.220	0.068
3658213945.320	0.049
3658213945.420	0.039
3658213945.520	0.039
3658213945.620	0.039
3658213945.720	0.039
3658213945.820	0.039
3658213945.920	0.039
3658213946.020	0.039
3658213946.120	0.039
3658213946.220	0.034
3658213946.320	0.039
3658213946.420	0.039
3658213946.520	0.039
3658213946.620	0.039
3658213946.720	0.039
3658213946.820	0.039
3658213946.920	0.039
3658213947.020	0.039
3658213947.120	0.039
3658213947.220	0.034
3658213947.320	0.039
3658213947.420	0.039
3658213947.520	0.039
3658213947.620	0.039
3658213947.720	0.039
3658213947.820	0.034
3658213947.920	0.039
3658213948.020	0.039
3658213948.120	0.039
3658213948.220	0.039
3658213948.320	0.039
3658213948.420	0.039
3658213948.520	0.039
3658213948.620	0.039
3658213948.720	0.039
3658213948.820	0.039
3658213948.920	0.039
3658213949.020	0.039
3658213949.120	0.039
3658213949.220	0.039
3658213949.320	0.039
3658213949.420	0.034
3658213949.520	0.039
3658213949.620	0.039
3658213949.720	0.039
3658213949.820	0.034
3658213949.920	0.039
3658213950.020	0.039
3658213950.120	0.039
3658213950.220	0.039
3658213950.320	0.039
3658213950.420	0.039
3658213950.520	0.039
3658213950.620	0.039
3658213950.720	0.034
3658213950.820	0.039
3658213950.920	0.039
3658213951.020	0.039
3658213951.120	0.039
3658213951.220	0.039
3658213951.320	0.039
3658213951.420	0.039
3658213951.520	0.039
3658213951.620	0.039
3658213951.720	0.039
3658213951.820	0.039
3658213951.920	0.039
3658213952.020	0.039
3658213952.120	0.039
3658213952.220	0.039
3658213952.320	0.039
3658213952.420	0.039
3658213952.520	0.039
3658213952.620	0.039
3658213952.720	0.039
3658213952.820	0.039
3658213952.920	0.039
3658213953.020	0.039
3658213953.120	0.039
3658213953.220	0.039
3658213953.320	0.039
3658213953.420	0.039
3658213953.520	0.039
3658213953.620	0.039
3658213953.720	0.034
3658213953.820	0.039
3658213953.920	0.039
3658213954.020	0.039
3658213954.120	0.039
3658213954.220	0.039
3658213954.320	0.039
3658213954.420	0.137
3658213954.520	0.156
3658213954.620	0.117
3658213954.720	0.112
3658213954.819	0.088
3658213954.919	0.078
3658213955.019	0.068
3658213955.119	0.088
3658213955.219	0.156
3658213955.319	0.186
3658213955.419	0.195
3658213955.519	0.195
3658213955.619	0.186
3658213955.719	0.186
3658213955.819	0.195
3658213955.919	0.186
3658213956.019	0.186
3658213956.119	0.171
3658213956.219	0.137
3658213956.319	0.098
3658213956.419	0.059
3658213956.519	0.117
3658213956.619	0.161
3658213956.719	0.195
3658213956.819	0.215
3658213956.919	0.229
3658213957.019	0.215
3658213957.119	0.181
3658213957.219	0.142
3658213957.319	0.098
3658213957.419	0.063
3658213957.519	0.044
3658213957.619	0.068
3658213957.719	0.059
3658213957.819	0.044
3658213957.919	0.039
3658213958.019	0.039
3658213958.119	0.039
3658213958.219	0.039
3658213958.319	0.039
3658213958.419	0.039
3658213958.519	0.039
3658213958.619	0.039
3658213958.719	0.039
3658213958.819	0.039
3658213958.919	0.039
3658213959.019	0.039
3658213959.119	0.039
3658213959.219	0.039
3658213959.319	0.034
3658213959.419	0.039
3658213959.519	0.039
3658213959.619	0.039
3658213959.719	0.039
3658213959.819	0.039
3658213959.919	0.039
3658213960.019	0.039
3658213960.119	0.039
3658213960.219	0.039
3658213960.319	0.039
3658213960.419	0.044
3658213960.519	0.088
3658213960.619	0.063
3658213960.719	0.044
3658213960.819	0.039
3658213960.919	0.039
3658213961.019	0.039
3658213961.120	0.039
3658213961.220	0.039
3658213961.320	0.039
3658213961.420	0.039
3658213961.520	0.039
3658213961.620	0.039
3658213961.720	0.039
3658213961.820	0.039
3658213961.920	0.039
3658213962.020	0.039
3658213962.120	0.034
3658213962.220	0.039
3658213962.320	0.039
3658213962.420	0.034
3658213962.520	0.039
3658213962.620	0.039
3658213962.720	0.039
3658213962.820	0.039
3658213962.920	0.078
3658213963.020	0.088
3658213963.120	0.078
3658213963.220	0.073
3658213963.320	0.054
3658213963.420	0.039
3658213963.520	0.078
3658213963.620	0.059
3658213963.720	0.068
3658213963.820	0.107
3658213963.920	0.127
3658213964.020	0.137
3658213964.120	0.117
3658213964.220	0.098
3658213964.320	0.093
3658213964.420	0.098
3658213964.520	0.078
3658213964.620	0.078
3658213964.720	0.059
3658213964.820	0.044
3658213964.920	0.039
3658213965.020	0.039
3658213965.120	0.039
3658213965.220	0.039
3658213965.320	0.039
3658213965.420	0.039
3658213965.520	0.039
3658213965.620	0.039
3658213965.720	0.034
3658213965.820	0.039
3658213965.920	0.039
3658213966.020	0.039
3658213966.120	0.039
3658213966.220	0.039
3658213966.320	0.059
3658213966.420	0.088
3658213966.520	0.117
3658213966.620	0.122
3658213966.720	0.132
3658213966.820	0.132
3658213966.920	0.137
3658213967.020	0.137
3658213967.120	0.078
3658213967.220	0.078
3658213967.320	0.117
3658213967.420	0.146
3658213967.520	0.156
3658213967.620	0.156
3658213967.720	0.156
3658213967.820	0.156
3658213967.920	0.151
3658213968.020	0.151
3658213968.120	0.151
3658213968.220	0.156
3658213968.320	0.156
3658213968.420	0.161
3658213968.520	0.166
3658213968.620	0.181
3658213968.720	0.190
3658213968.820	0.190
3658213968.920	0.190
3658213969.020	0.190
3658213969.120	0.205
3658213969.220	0.190
3658213969.320	0.190
3658213969.420	0.166
3658213969.520	0.142
3658213969.620	0.132
3658213969.720	0.117
3658213969.820	0.068
3658213969.920	0.049
3658213970.020	0.073
3658213970.120	0.142
3658213970.220	0.186
3658213970.320	0.215
3658213970.420	0.234
3658213970.520	0.234
3658213970.620	0.249
3658213970.720	0.244
3658213970.820	0.244
3658213970.920	0.239
3658213971.020	0.234
3658213971.120	0.244
3658213971.220	0.254
3658213971.320	0.234
3658213971.420	0.239
3658213971.520	0.234
3658213971.620	0.234
3658213971.720	0.234
3658213971.820	0.220
3658213971.920	0.195
3658213972.020	0.181
3658213972.120	0.156
3658213972.220	0.107
3658213972.319	0.103
3658213972.419	0.142
3658213972.519	0.166
3658213972.619	0.181
3658213972.719	0.176
3658213972.819	0.181
3658213972.919	0.195
3658213973.019	0.229
3658213973.119	0.264
3658213973.219	0.269
3658213973.319	0.273
3658213973.419	0.283
3658213973.519	0.283
3658213973.619	0.283
3658213973.719	0.298
3658213973.819	0.298
3658213973.919	0.308
3658213974.019	0.278
3658213974.119	0.239
3658213974.219	0.200
3658213974.319	0.166
3658213974.419	0.127
3658213974.519	0.083
3658213974.619	0.142
3658213974.719	0.181
3658213974.819	0.200
3658213974.919	0.200
3658213975.019	0.210
3658213975.119	0.234
3658213975.219	0.234
3658213975.319	0.249
3658213975.419	0.273
3658213975.519	0.288
3658213975.619	0.303
3658213975.719	0.303
3658213975.819	0.293
3658213975.919	0.293
3658213976.019	0.264
3658213976.119	0.234
3658213976.219	0.195
3658213976.319	0.132
3658213976.419	0.117
3658213976.519	0.200
3658213976.619	0.303
3658213976.719	0.420
3658213976.819	0.469
3658213976.919	0.474
3658213977.019	0.469
3658213977.119	0.400
3658213977.219	0.308
3658213977.319	0.186
3658213977.419	0.234
3658213977.519	0.400
3658213977.619	0.522
3658213977.719	0.576
3658213977.819	0.557
3658213977.919	0.435
3658213978.019	0.244
3658213978.119	0.225
3658213978.219	0.332
3658213978.319	0.474
3658213978.419	0.518
3658213978.519	0.518
3658213978.620	0.430
3658213978.720	0.308
3658213978.820	0.176
3658213978.920	0.088
3658213979.020	0.215
3658213979.120	0.254
3658213979.220	0.122
3658213979.320	0.068
3658213979.420	0.054
3658213979.520	0.146
3658213979.620	0.161
3658213979.720	0.117
3658213979.820	0.244
3658213979.920	0.449
3658213980.020	0.610
3658213980.120	0.479
3658213980.220	0.430
3658213980.320	0.342
3658213980.420	0.234
3658213980.520	0.195
3658213980.620	0.371
3658213980.720	0.645
3658213980.820	0.693
3658213980.920	0.635
3658213981.020	0.479
3658213981.120	0.327
3658213981.220	0.571
3658213981.320	0.762
3658213981.420	0.830
3658213981.520	0.811
3658213981.620	0.605
3658213981.720	0.327
3658213981.820	0.239
3658213981.920	0.356
3658213982.020	0.488
3658213982.120	0.630
3658213982.220	0.664
3658213982.320	0.615
3658213982.420	0.547
3658213982.520	0.415
3658213982.620	0.264
3658213982.720	0.156
3658213982.820	0.205
3658213982.920	0.293
3658213983.020	0.361
3658213983.120	0.420
3658213983.220	0.469
3658213983.320	0.537
3658213983.420	0.508
3658213983.520	0.474
3658213983.620	0.400
3658213983.720	0.293
3658213983.820	0.166
3658213983.920	0.146
3658213984.020	0.190
3658213984.120	0.254
3658213984.220	0.283
3658213984.320	0.283
3658213984.420	0.293
3658213984.520	0.283
3658213984.620	0.273
3658213984.720	0.244
3658213984.820	0.234
3658213984.920	0.215
3658213985.020	0.186
3658213985.120	0.137
3658213985.220	0.137
3658213985.320	0.127
3658213985.420	0.137
3658213985.520	0.137
3658213985.620	0.117
3658213985.720	0.103
3658213985.820	0.132
3658213985.920	0.156
3658213986.020	0.166
3658213986.120	0.166
3658213986.220	0.142
3658213986.320	0.073
3658213986.420	0.054
3658213986.520	0.044
3658213986.620	0.039
3658213986.720	0.039
3658213986.820	0.078
3658213986.920	0.112
3658213987.020	0.132
3658213987.120	0.112
3658213987.220	0.068
3658213987.320	0.049
3658213987.420	0.039
3658213987.520	0.039
3658213987.620	0.078
3658213987.720	0.117
3658213987.820	0.156
3658213987.920	0.161
3658213988.020	0.122
3658213988.120	0.098
3658213988.220	0.059
3658213988.320	0.078
3658213988.420	0.078
3658213988.520	0.078
3658213988.620	0.083
3658213988.720	0.083
3658213988.820	0.107
3658213988.920	0.117
3658213989.020	0.112
3658213989.120	0.117
3658213989.220	0.098
3658213989.320	0.078
3658213989.420	0.059
3658213989.520	0.083
3658213989.620	0.117
3658213989.720	0.107
3658213989.819	0.093
3658213989.919	0.063
3658213990.019	0.049
3658213990.119	0.039
3658213990.219	0.039
3658213990.319	0.039
3658213990.419	0.039
3658213990.519	0.039
3658213990.619	0.039
3658213990.719	0.039
3658213990.819	0.039
3658213990.919	0.039
3658213991.019	0.039
3658213991.119	0.039
3658213991.219	0.039
3658213991.319	0.039
3658213991.419	0.039
3658213991.519	0.039
3658213991.619	0.039
3658213991.719	0.039
3658213991.819	0.039
3658213991.919	0.039
3658213992.019	0.039
3658213992.119	0.039
3658213992.219	0.039
3658213992.319	0.039
3658213992.419	0.039
3658213992.519	0.039
3658213992.619	0.039
3658213992.719	0.039
3658213992.819	0.039
3658213992.919	0.039
3658213993.019	0.039
3658213993.119	0.039
3658213993.219	0.039
3658213993.319	0.039
3658213993.419	0.039
3658213993.519	0.073
3658213993.619	0.098
3658213993.719	0.112
3658213993.819	0.117
3658213993.919	0.112
3658213994.019	0.078
3658213994.119	0.059
3658213994.219	0.117
3658213994.319	0.078
3658213994.419	0.068
3658213994.519	0.098
3658213994.619	0.078
3658213994.719	0.083
3658213994.819	0.088
3658213994.919	0.088
3658213995.019	0.078
3658213995.119	0.054
3658213995.219	0.039
3658213995.319	0.039
3658213995.419	0.039
3658213995.519	0.054
3658213995.619	0.073
3658213995.719	0.059
3658213995.819	0.049
3658213995.919	0.039
3658213996.019	0.068
3658213996.120	0.078
3658213996.220	0.059
3658213996.320	0.044
3658213996.420	0.039
3658213996.520	0.039
3658213996.620	0.039
3658213996.720	0.039
3658213996.820	0.039
3658213996.920	0.039
3658213997.020	0.039
3658213997.120	0.039
3658213997.220	0.039
3658213997.320	0.039
3658213997.420	0.039
3658213997.520	0.039
3658213997.620	0.039
3658213997.720	0.039
3658213997.820	0.039
3658213997.920	0.039
3658213998.020	0.039
3658213998.120	0.039
3658213998.220	0.039
3658213998.320	0.039
3658213998.420	0.039
3658213998.520	0.039
3658213998.620	0.039
3658213998.720	0.039
3658213998.820	0.034
3658213998.920	0.034
3658213999.020	0.039
3658213999.120	0.039
3658213999.220	0.039
3658213999.320	0.039
3658213999.420	0.039
3658213999.520	0.039
3658213999.620	0.039
3658213999.720	0.039
3658213999.820	0.039
3658213999.920	0.039
3658214000.020	0.034
3658214000.120	0.039
3658214000.220	0.039
3658214000.320	0.039
3658214000.420	0.039
3658214000.520	0.039
3658214000.620	0.039
3658214000.720	0.039
3658214000.820	0.039
3658214000.920	0.039
3658214001.020	0.039
3658214001.120	0.034
3658214001.220	0.039
3658214001.320	0.039
3658214001.420	0.063
3658214001.520	0.137
3658214001.620	0.151
3658214001.720	0.117
3658214001.820	0.078
3658214001.920	0.054
3658214002.020	0.112
3658214002.120	0.107
3658214002.220	0.073
3658214002.320	0.049
3658214002.420	0.039
3658214002.520	0.039
3658214002.620	0.039
3658214002.720	0.039
3658214002.820	0.034
3658214002.920	0.039
3658214003.020	0.039
3658214003.120	0.039
3658214003.220	0.039
3658214003.320	0.039
3658214003.420	0.039
3658214003.520	0.039
3658214003.620	0.039
3658214003.720	0.039
3658214003.820	0.034
3658214003.920	0.039
3658214004.020	0.039
3658214004.120	0.039
3658214004.220	0.039
3658214004.320	0.039
3658214004.420	0.039
3658214004.520	0.039
3658214004.620	0.039
3658214004.720	0.039
3658214004.820	0.039
3658214004.920	0.039
3658214005.020	0.039
3658214005.120	0.034
3658214005.220	0.039
3658214005.320	0.039
3658214005.420	0.039
3658214005.520	0.039
3658214005.620	0.039
3658214005.720	0.039
3658214005.820	0.039
3658214005.920	0.039
3658214006.020	0.039
3658214006.120	0.039
3658214006.220	0.039
3658214006.320	0.034
3658214006.420	0.039
3658214006.520	0.039
3658214006.620	0.039
3658214006.720	0.034
3658214006.820	0.039
3658214006.920	0.039
3658214007.020	0.039
3658214007.120	0.039
3658214007.219	0.039
3658214007.319	0.034
3658214007.419	0.039
3658214007.519	0.039
3658214007.619	0.039
3658214007.719	0.107
3658214007.819	0.190
3658214007.919	0.127
3658214008.019	0.137
3658214008.119	0.156
3658214008.219	0.156
3658214008.319	0.137
3658214008.419	0.117
3658214008.519	0.122
3658214008.619	0.088
3658214008.719	0.059
3658214008.819	0.044
3658214008.919	0.039
3658214009.019	0.039
3658214009.119	0.039
3658214009.219	0.039
3658214009.319	0.039
3658214009.419	0.039
3658214009.519	0.039
3658214009.619	0.039
3658214009.719	0.039
3658214009.819	0.039
3658214009.919	0.039
3658214010.019	0.039
3658214010.119	0.039
3658214010.219	0.039
3658214010.319	0.039
3658214010.419	0.039
3658214010.519	0.039
3658214010.619	0.039
3658214010.719	0.039
3658214010.819	0.039
3658214010.919	0.039
3658214011.019	0.039
3658214011.119	0.039
3658214011.219	0.039
3658214011.319	0.039
3658214011.419	0.039
3658214011.519	0.039
3658214011.619	0.039
3658214011.719	0.039
3658214011.819	0.039
3658214011.919	0.039
3658214012.019	0.039
3658214012.119	0.034
3658214012.219	0.039
3658214012.319	0.039
3658214012.419	0.039
3658214012.519	0.039
3658214012.619	0.034
3658214012.719	0.039
3658214100.905	0.039
3658214100.922	0.039
3658214101.020	0.039
3658214101.120	0.039
3658214101.220	0.039
3658214101.320	0.039
3658214101.420	0.034
3658214101.520	0.039
3658214101.620	0.039
3658214101.720	0.039
3658214101.820	0.039
3658214101.920	0.039
3658214102.020	0.039
3658214102.120	0.039
3658214102.220	0.039
3658214102.320	0.039
3658214102.420	0.039
3658214102.520	0.039
3658214102.620	0.039
3658214102.720	0.039
3658214102.820	0.039
3658214102.920	0.039
3658214103.020	0.039
3658214103.120	0.034
3658214103.220	0.039
3658214103.320	0.039
3658214103.420	0.039
3658214103.520	0.039
3658214103.620	0.039
3658214103.720	0.039
3658214103.820	0.039
3658214103.920	0.039
3658214104.020	0.034
3658214104.120	0.039
3658214104.220	0.039
3658214104.320	0.039
3658214104.420	0.039
3658214104.520	0.039
3658214104.620	0.039
3658214104.720	0.039
3658214104.820	0.039
3658214104.920	0.039
3658214105.020	0.039
3658214105.120	0.039
3658214105.220	0.039
3658214105.320	0.039
3658214105.420	0.039
3658214105.520	0.039
3658214105.620	0.039
3658214105.720	0.039
3658214105.820	0.039
3658214105.920	0.039
3658214106.020	0.039
3658214106.120	0.039
3658214106.220	0.039
3658214106.320	0.039
3658214106.420	0.039
3658214106.520	0.039
3658214106.620	0.039
3658214106.720	0.039
3658214106.820	0.039
3658214106.920	0.039
3658214107.020	0.039
3658214107.120	0.039
3658214107.220	0.039
3658214107.320	0.039
3658214107.420	0.039
3658214107.520	0.039
3658214107.620	0.039
3658214107.720	0.039
3658214107.820	0.039
3658214107.920	0.039
3658214108.020	0.039
3658214108.120	0.039
3658214108.220	0.039
3658214108.320	0.039
3658214108.420	0.039
3658214108.520	0.039
3658214108.620	0.039
3658214108.720	0.039
3658214108.820	0.039
3658214108.920	0.039
3658214109.020	0.039
3658214109.120	0.039
3658214109.220	0.039
3658214109.320	0.039
3658214109.420	0.039
3658214109.520	0.039
3658214109.620	0.039
3658214109.720	0.039
3658214109.820	0.039
3658214109.920	0.034
3658214110.020	0.039
3658214110.120	0.039
3658214110.220	0.039
3658214110.320	0.034
3658214110.420	0.039
3658214110.520	0.039
3658214110.620	0.039
3658214110.720	0.039
3658214110.820	0.039
3658214110.920	0.039
3658214111.020	0.039
3658214111.120	0.054
3658214111.220	0.068
3658214111.320	0.078
3658214111.420	0.059
3658214111.520	0.049
3658214111.620	0.068
3658214111.720	0.078
3658214111.820	0.117
3658214111.920	0.146
3658214112.020	0.171
3658214112.119	0.195
3658214112.219	0.200
3658214112.319	0.200
3658214112.419	0.190
3658214112.519	0.132
3658214112.619	0.073
3658214112.719	0.054
3658214112.819	0.039
3658214112.919	0.039
3658214113.019	0.039
3658214113.119	0.039
3658214113.219	0.039
3658214113.319	0.039
3658214113.419	0.039
3658214113.519	0.039
3658214113.619	0.039
3658214113.719	0.039
3658214113.819	0.034
3658214113.919	0.039
3658214114.019	0.039
3658214114.119	0.039
3658214114.219	0.039
3658214114.319	0.039
3658214114.419	0.039
3658214114.519	0.039
3658214114.619	0.039
3658214114.719	0.039
3658214114.819	0.039
3658214114.919	0.039
3658214115.019	0.034
3658214115.119	0.039
3658214115.219	0.039
3658214115.319	0.039
3658214115.419	0.034
3658214115.519	0.039
3658214115.619	0.039
3658214115.719	0.034
3658214115.819	0.039
3658214115.919	0.034
3658214116.019	0.039
3658214116.119	0.039
3658214116.219	0.039
3658214116.319	0.039
3658214116.419	0.039
3658214116.519	0.039
3658214116.619	0.039
3658214116.719	0.039
3658214116.819	0.039
3658214116.919	0.039
3658214117.019	0.039
3658214117.119	0.039
3658214117.219	0.039
3658214117.319	0.039
3658214117.419	0.166
3658214117.519	0.225
3658214117.619	0.229
3658214117.719	0.225
3658214117.819	0.229
3658214117.919	0.225
3658214118.019	0.210
3658214118.119	0.176
3658214118.219	0.151
3658214118.319	0.127
3658214118.419	0.098
3658214118.520	0.073
3658214118.620	0.049
3658214118.720	0.098
3658214118.820	0.146
3658214118.920	0.171
3658214119.020	0.186
3658214119.120	0.176
3658214119.220	0.181
3658214119.320	0.186
3658214119.420	0.200
3658214119.520	0.215
3658214119.620	0.220
3658214119.720	0.215
3658214119.820	0.195
3658214119.920	0.200
3658214120.020	0.166
3658214120.120	0.083
3658214120.220	0.059
3658214120.320	0.039
3658214120.420	0.039
3658214120.520	0.039
3658214120.620	0.039
3658214120.720	0.039
3658214120.820	0.039
3658214120.920	0.034
3658214121.020	0.039
3658214121.120	0.039
3658214121.220	0.039
3658214121.320	0.039
3658214121.420	0.039
3658214121.520	0.039
3658214121.620	0.039
3658214121.720	0.039
3658214121.820	0.039
3658214121.920	0.039
3658214122.020	0.039
3658214122.120	0.039
3658214122.220	0.039
3658214122.320	0.039
3658214122.420	0.039
3658214122.520	0.039
3658214122.620	0.039
3658214122.720	0.039
3658214122.820	0.117
3658214122.920	0.093
3658214123.020	0.059
3658214123.120	0.044
3658214123.220	0.039
3658214123.320	0.039
3658214123.420	0.039
3658214123.520	0.039
3658214123.620	0.039
3658214123.720	0.039
3658214123.820	0.039
3658214123.920	0.034
3658214124.020	0.039
3658214124.120	0.039
3658214124.220	0.039
3658214124.320	0.039
3658214124.420	0.039
3658214124.520	0.039
3658214124.620	0.034
3658214124.720	0.034
3658214124.820	0.039
3658214124.920	0.039
3658214125.020	0.034
3658214125.120	0.039
3658214125.220	0.034
3658214125.320	0.039
3658214125.420	0.034
3658214125.520	0.039
3658214125.620	0.039
3658214125.720	0.039
3658214125.820	0.039
3658214125.920	0.039
3658214126.020	0.039
3658214126.120	0.034
3658214126.220	0.039
3658214126.320	0.039
3658214126.420	0.039
3658214126.520	0.039
3658214126.620	0.039
3658214126.720	0.039
3658214126.820	0.039
3658214126.920	0.039
3658214127.020	0.039
3658214127.120	0.039
3658214127.220	0.039
3658214127.320	0.039
3658214127.420	0.039
3658214127.520	0.039
3658214127.620	0.039
3658214127.720	0.039
3658214127.820	0.039
3658214127.920	0.039
3658214128.020	0.039
3658214128.120	0.039
3658214128.220	0.039
3658214128.320	0.039
3658214128.420	0.039
3658214128.520	0.039
3658214128.620	0.039
3658214128.720	0.039
3658214128.820	0.039
3658214128.920	0.039
3658214129.020	0.039
3658214129.120	0.039
3658214129.220	0.039
3658214129.320	0.034
3658214129.420	0.039
3658214129.520	0.039
3658214129.619	0.039
3658214129.719	0.039
3658214129.819	0.039
3658214129.919	0.039
3658214130.019	0.039
3658214130.119	0.073
3658214130.219	0.117
3658214130.319	0.146
3658214130.419	0.132
3658214130.519	0.103
3658214130.619	0.068
3658214130.719	0.049
3658214130.819	0.039
3658214130.919	0.039
3658214131.019	0.068
3658214131.119	0.166
3658214131.219	0.269
3658214131.319	0.303
3658214131.419	0.210
3658214131.519	0.103
3658214131.619	0.063
3658214131.719	0.049
3658214131.819	0.039
3658214131.919	0.039
3658214132.019	0.039
3658214132.119	0.034
3658214132.219	0.039
3658214132.319	0.039
3658214132.419	0.039
3658214132.519	0.039
3658214132.619	0.039
3658214132.719	0.039
3658214132.819	0.039
3658214132.919	0.039
3658214133.019	0.039
3658214133.119	0.039
3658214133.219	0.039
3658214133.319	0.039
3658214133.419	0.039
3658214133.519	0.039
3658214133.619	0.039
3658214133.719	0.039
3658214133.819	0.039
3658214133.919	0.039
3658214134.019	0.039
3658214134.119	0.039
3658214134.281	0.039
3658214134.319	0.039
3658214134.419	0.039
3658214134.519	0.039
3658214134.619	0.039
3658214134.719	0.039
3658214134.819	0.039
3658214134.919	0.034
3658214135.019	0.039
3658214135.119	0.039
3658214135.219	0.039
3658214135.319	0.039
3658214135.419	0.039
3658214135.519	0.034
3658214135.619	0.098
3658214135.719	0.371
3658214135.819	0.508
3658214135.920	0.586
3658214136.020	0.605
3658214136.120	0.498
3658214136.220	0.269
3658214136.320	0.269
3658214136.420	0.430
3658214136.520	0.576
3658214136.620	0.664
3658214136.720	0.713
3658214136.820	0.698
3658214136.920	0.605
3658214137.020	0.483
3658214137.120	0.264
3658214137.220	0.293
3658214137.320	0.581
3658214137.420	0.752
3658214137.520	0.796
3658214137.620	0.752
3658214137.720	0.576
3658214137.820	0.312
3658214137.920	0.371
3658214138.020	0.615
3658214138.120	0.815
3658214138.220	0.884
3658214138.320	0.811
3658214138.420	0.645
3658214138.520	0.396
3658214138.620	0.254
3658214138.720	0.474
3658214138.820	0.762
3658214138.920	0.947
3658214139.020	1.035
3658214139.120	0.967
3658214139.220	0.728
3658214139.320	0.298
3658214139.420	0.142
3658214139.520	0.527
3658214139.620	0.820
3658214139.720	0.933
3658214139.820	0.898
3658214139.920	0.771
3658214140.020	0.547
3658214140.120	0.288
3658214140.220	0.234
3658214140.320	0.503
3658214140.420	0.713
3658214140.520	0.835
3658214140.620	0.889
3658214140.720	0.811
3658214140.820	0.581
3658214140.920	0.303
3658214141.020	0.229
3658214141.120	0.552
3658214141.220	0.815
3658214141.320	0.894
3658214141.420	0.879
3658214141.520	0.732
3658214141.620	0.522
3658214141.720	0.229
3658214141.820	0.317
3658214141.920	0.640
3658214142.020	0.840
3658214142.120	0.957
3658214142.220	0.972
3658214142.320	0.811
3658214142.420	0.464
3658214142.520	0.190
3658214142.620	0.342
3658214142.720	0.635
3658214142.820	0.762
3658214142.920	0.811
3658214143.020	0.762
3658214143.120	0.625
3658214143.220	0.391
3658214143.320	0.244
3658214143.420	0.352
3658214143.520	0.562
3658214143.620	0.684
3658214143.720	0.742
3658214143.820	0.732
3658214143.920	0.630
3658214144.020	0.264
3658214144.148	0.254
3658214144.220	0.366
3658214144.320	0.610
3658214144.420	0.654
3658214144.520	0.762
3658214144.620	0.786
3658214144.720	0.703
3658214144.820	0.557
3658214144.920	0.317
3658214145.020	0.312
3658214145.120	0.532
3658214145.220	0.693
3658214145.320	0.811
3658214145.420	0.913
3658214145.520	0.937
3658214145.620	0.820
3658214145.720	0.479
3658214145.820	0.278
3658214145.920	0.522
3658214146.020	0.791
3658214146.120	0.957
3658214146.220	0.972
3658214146.320	0.889
3658214146.420	0.703
3658214146.520	0.444
3658214146.620	0.200
3658214146.720	0.332
3658214146.820	0.625
3658214146.920	0.820
3658214147.020	0.884
3658214147.119	0.884
3658214147.219	0.776
3658214147.319	0.527
3658214147.419	0.308
3658214147.519	0.352
3658214147.619	0.586
3658214147.719	0.742
3658214147.819	0.840
3658214147.919	0.859
3658214148.019	0.762
3658214148.119	0.547
3658214148.219	0.293
3658214148.319	0.371
3658214148.419	0.679
3658214148.519	0.850
3658214148.619	0.986
3658214148.719	1.040
3658214148.819	0.928
3658214148.919	0.566
3658214149.019	0.234
3658214149.119	0.171
3658214149.219	0.576
3658214149.319	0.850
3658214149.419	0.977
3658214149.519	0.977
3658214149.619	0.815
3658214149.719	0.601
3658214149.819	0.273
3658214149.919	0.317
3658214150.019	0.625
3658214150.119	0.879
3658214150.219	0.996
3658214150.319	1.025
3658214150.419	0.923
3658214150.519	0.562
3658214150.619	0.239
3658214150.719	0.112
3658214150.819	0.469
3658214150.919	0.791
3658214151.019	0.933
3658214151.119	0.937
3658214151.219	0.825
3658214151.319	0.625
3658214151.419	0.366
3658214151.519	0.220
3658214151.619	0.469
3658214151.719	0.757
3658214151.819	0.898
3658214151.919	0.977
3658214152.019	0.942
3658214152.119	0.762
3658214152.219	0.444
3658214152.319	0.195
3658214152.419	0.391
3658214152.519	0.708
3658214152.619	0.884
3658214152.719	0.937
3658214152.819	0.898
3658214152.919	0.771
3658214153.019	0.581
3658214153.119	0.288
3658214153.219	0.352
3658214153.319	0.630
3658214153.420	0.811
3658214153.520	0.859
3658214153.620	0.820
3658214153.720	0.723
3658214153.820	0.508
3658214153.920	0.269
3658214154.020	0.312
3658214154.120	0.449
3658214154.220	0.513
3658214154.320	0.542
3658214154.420	0.503
3658214154.520	0.449
3658214154.620	0.400
3658214154.720	0.308
3658214154.820	0.176
3658214154.920	0.161
3658214155.020	0.225
3658214155.120	0.293
3658214155.220	0.303
3658214155.320	0.278
3658214155.420	0.225
3658214155.520	0.146
3658214155.620	0.088
3658214155.720	0.117
3658214155.820	0.151
3658214155.920	0.146
3658214156.020	0.117
3658214156.120	0.083
3658214156.220	0.059
3658214156.320	0.044
3658214156.420	0.039
3658214156.520	0.039
3658214156.620	0.039
3658214156.720	0.039
3658214156.820	0.039
3658214156.920	0.039
3658214157.020	0.039
3658214157.120	0.039
3658214157.220	0.039
3658214157.320	0.039
3658214157.420	0.039
3658214157.520	0.039
3658214157.620	0.034
3658214157.720	0.039
3658214157.820	0.039
3658214157.920	0.034
3658214158.020	0.039
3658214158.120	0.039
3658214158.220	0.034
3658214158.320	0.039
3658214158.420	0.039
3658214158.520	0.039
3658214158.620	0.039
3658214158.720	0.039
3658214158.820	0.039
3658214158.920	0.039
3658214159.020	0.034
3658214159.120	0.039
3658214159.220	0.039
3658214159.320	0.039
3658214159.420	0.039
3658214159.520	0.039
3658214159.620	0.039
3658214159.720	0.039
3658214159.820	0.039
3658214159.920	0.039
3658214160.020	0.039
3658214160.120	0.039
3658214160.220	0.034
3658214160.320	0.039
3658214160.420	0.039
3658214160.520	0.039
3658214160.620	0.039
3658214160.720	0.039
3658214160.820	0.039
3658214160.920	0.039
3658214161.020	0.039
3658214161.120	0.039
3658214161.220	0.039
3658214161.320	0.039
3658214161.420	0.039
3658214161.520	0.039
3658214161.620	0.039
3658214161.720	0.039
3658214161.820	0.039
3658214161.920	0.039
3658214162.020	0.039
3658214162.120	0.039
3658214162.220	0.039
3658214162.320	0.039
3658214162.420	0.039
3658214162.520	0.039
3658214162.620	0.039
3658214162.720	0.039
3658214162.820	0.039
3658214162.920	0.039
3658214163.020	0.039
3658214163.120	0.039
3658214163.220	0.039
3658214163.320	0.034
3658214163.420	0.039
3658214163.520	0.039
3658214163.620	0.039
3658214163.720	0.039
3658214163.820	0.039
3658214163.920	0.039
3658214164.020	0.039
3658214164.120	0.034
3658214164.220	0.039
3658214164.320	0.039
3658214164.420	0.034
3658214164.520	0.039
3658214164.619	0.039
3658214164.719	0.039
3658214164.819	0.039
3658214164.919	0.039
3658214165.019	0.039
3658214165.119	0.039
3658214165.219	0.039
3658214165.319	0.034
3658214165.419	0.039
3658214165.519	0.039
3658214165.619	0.039
3658214165.719	0.039
3658214165.819	0.039
3658214165.919	0.039
3658214166.019	0.039
3658214166.119	0.039
3658214166.219	0.039
3658214166.319	0.039
3658214166.419	0.039
3658214166.519	0.039
3658214166.619	0.039
3658214166.719	0.039
3658214166.819	0.039
3658214166.919	0.039
3658214167.019	0.039
3658214167.119	0.039
3658214167.219	0.034
3658214167.319	0.039
